0.00	4.2E-04
0.01	3.5E-04
0.03	4.0E-04
0.05	4.0E-04
0.07	4.1E-04
0.09	4.4E-04
0.12	4.7E-04
0.13	5.3E-04
0.16	5.8E-04
0.17	6.2E-04
0.19	6.8E-04
0.21	6.4E-04
0.21	7.0E-04
0.24	7.0E-04
0.25	7.0E-04
0.27	6.9E-04
0.30	6.5E-04
0.31	6.2E-04
0.33	5.9E-04
0.34	5.5E-04
0.35	5.1E-04
0.36	4.9E-04
0.37	4.5E-04
0.38	4.4E-04
0.39	4.2E-04
0.41	3.9E-04
0.43	3.4E-04
0.45	3.1E-04
0.46	2.7E-04
0.48	2.4E-04
0.51	1.9E-04
0.53	1.9E-04
0.55	1.5E-04
0.58	1.3E-04
0.60	1.3E-04
0.63	7.7E-05
0.65	7.7E-05
0.68	5.8E-05
0.70	5.3E-05
0.71	5.3E-05